0000111010  4
0001011010  4
0001011100  4
0001101010  4
0001101100  4
0001110010  4
0001111000  4


0010011010  4
0010101010  4
0011001010  4
0011010010  4
0011011000  4
0011100010  4
0011101000  4




0100011010  4
0100101010  4
0101001010  4
0101001100  4
0101010010  4
0101011000  4
0101100010  4
0101101000  4
0110001010  4
0110011000  4
0111000010  4
0111001000  4
0111010000  4
1000011010  4
1000011100  4
1000101010  4
1001001010  4
1001001100  4
1001010010  4
1001011000  4
1001100010  4
1001101000  4
1010001010  4
1010011000  4
1011000010  4
1011001000  4
1011010000  4
1100011000  4+
1101001000  4
1110001000  4+





0000000000000001  1
0000000000000010  1
0000000000000100  1
0000000000000110  2
0000000000001000  1
0000000000001001  2
0000000000001010  2
0000000000001100  2
0000000000001110  3
0000000000010000  1
0000000000010010  2
0000000000010100  2
0000000000010110  3
0000000000011000  2
0000000000011010  3
0000000000011100  3
0000000000100000  1
0000000000100010  2
0000000000100100  2
0000000000100110  3
0000000000101000  2
0000000000101010  3
0000000000101100  3
0000000000110000  2
0000000000110010  3
0000000000110100  3
0000000000111000  3
0000000000111010  4
0000000001000000  1
0000000001000010  2
0000000001000100  2
0000000001000110  3
0000000001001000  2
0000000001001010  3
0000000001001100  3
0000000001010000  2
0000000001010010  3
0000000001010100  3
0000000001011000  3
0000000001011010  4
0000000001011100  4
0000000001100000  2
0000000001100010  3
0000000001100100  3
0000000001101000  3
0000000001101010  4
0000000001101100  4
0000000001110000  3
0000000001110010  4
0000000001111000  4
0000000010000000  1
0000000010000010  2
0000000010000100  2
0000000010001000  2
0000000010001010  3
0000000010001100  3
0000000010010000  2
0000000010010010  3
0000000010010100  3
0000000010011000  3
0000000010011010  4
0000000010100000  2
0000000010100010  3
0000000010101000  3
0000000010101010  4
0000000011000000  2
0000000011000010  3
0000000011000100  3
0000000011001000  3
0000000011001010  4
0000000011010000  3
0000000011010010  4
0000000011011000  4
0000000011100000  3
0000000011100010  4
0000000011101000  4
0000000100000000  1
0000000100000010  2
0000000100000100  2
0000000100000110  3
0000000100001000  2
0000000100001010  3
0000000100001100  3
0000000100010000  2
0000000100010010  3
0000000100010100  3
0000000100011000  3
0000000100011010  4
0000000100100000  2
0000000100100010  3
0000000100100100  3
0000000100101000  3
0000000100101010  4
0000000100110000  3
0000000101000000  2
0000000101000010  3
0000000101000100  3
0000000101001000  3
0000000101001010  4
0000000101001100  4
0000000101010000  3
0000000101010010  4
0000000101011000  4
0000000101100000  3
0000000101100010  4
0000000101101000  4
0000000110000000  2
0000000110000010  3
0000000110001000  3
0000000110001010  4
0000000110010000  3
0000000110011000  4
0000000110100000  3
0000000111000000  3
0000000111000010  4
0000000111001000  4
0000000111010000  4
0000001000000000  1
0000001000000010  2
0000001000000100  2
0000001000000110  3
0000001000001000  2
0000001000001010  3
0000001000001100  3
0000001000010000  2
0000001000010010  3
0000001000010100  3
0000001000011000  3
0000001000011010  4
0000001000011100  4
0000001000100000  2
0000001000100010  3
0000001000100100  3
0000001000101000  3
0000001000101010  4
0000001001000000  2
0000001001000010  3
0000001001000100  3
0000001001001000  3
0000001001001010  4
0000001001001100  4
0000001001010000  3
0000001001010010  4
0000001001011000  4
0000001001100000  3
0000001001100010  4
0000001001101000  4
0000001010000000  2
0000001010000010  3
0000001010000100  3
0000001010001000  3
0000001010001010  4
0000001010010000  3
0000001010011000  4
0000001011000000  3
0000001011000010  4
0000001011001000  4
0000001011010000  4
0000001100000000  2
0000001100000010  3
0000001100000100  3
0000001100001000  3
0000001100001010  4
0000001100010000  3
0000001100011000  4
0000001101000000  3
0000001101000010  4
0000001101001000  4
0000001110000000  3
0000001110001000  4






0000001001001100  4
0000001001100010  4
0000001010011000  4
0000001100011000  4
0000001110001000  4